0.0
50.0
100.0
150.0
200.0
250.0
400.0
500.0
600.0
700.0
800.0
900.0
1000.0
1100.0
1200.0
1300.0
1500.0
1700.0
1900.0
2200.0
2500.0
2800.0
3200.0
3600.0
4000.0
4500.0
5000.0
5500.0
6000.0
6500.0
7000.0
7500.0
8000.0
8500.0
9000.0
9500.0
10000.0
10500.0
11000.0
12000.0
12500.0
13000.0
13500.0
14000.0
14500.0
15000.0
15500.0
16000.0
16500.0
17000.0
17500.0
18000.0
19000.0
20000.0
21000.0
22000.0
23000.0
24000.0
26000.0
28000.0
30000.0
32000.0
34000.0
36000.0
40000.0
42000.0
45000.0
48000.0
51000.0
54000.0
57000.0
60000.0
63000.0
