0.0
50.0
100.0
150.0
200.0
250.0
300.0
350.0
400.0
450.0
500.0
550.0
600.0
650.0
700.0
750.0
800.0
850.0
900.0
950.0
1000.0
1050.0
1100.0
1150.0
1200.0
1250.0
1300.0
1350.0
1400.0
1450.0
1500.0
1600.0
1700.0
1800.0
1900.0
2000.0
2100.0
2200.0
2300.0
2400.0
2500.0
2600.0
2700.0
2800.0
2900.0
3000.0
3200.0
3400.0
3600.0
3800.0
4000.0
4200.0
4400.0
4600.0
4800.0
5000.0
5250.0
5500.0
5750.0
6000.0
6250.0
6500.0
6750.0
7000.0
7250.0
7500.0
7750.0
8000.0
8500.0
9000.0
9500.0
10000.0
10500.0
11000.0
11500.0
12000.0
12500.0
13000.0
13500.0
14000.0
14500.0
15000.0
15500.0
16000.0
16500.0
17000.0
17500.0
18000.0
19000.0
20000.0
21000.0
22000.0
23000.0
24000.0
26000.0
28000.0
30000.0
35000.0
40000.0
45000.0
50000.0

